0011000009
0011000098
0011000032
0011000001
0011000096
0011000047
0011000025
0011000097
0011000062
0011000114
0011000030
0011000058
0011000107
0011000026
0011000057
0011000101
0011000033
0011000008
0011000074
0011000044
0011000100
0011000027
0011000021
0011000043
0011000079
0011000034
0011000118
0011000072
0011000081
0011000076
0011000035
0011000116
0011000053
0011000078
0011000066
0011000104
0011000108
0011000024
0011000055
0011000036
0011000016
0011000013
0011000018
0011000064
0011000010
0011000085
0011000023
0011000020
0011000061
0011000083
0011000110
0011000039
0011000073
0011000105
0011000060
0011000070
0011000014
0011000099
0011000071
0011000113
0011000037
0011000077
0011000011
0011000067
0011000042
0011000048
0011000041
0011000103
0011000106
0011000017
0011000046
0011000087
0011000045
0011000082
0011000102
2031000001
0011000089
0011000040
0011000059
0011000112
0011000111
0011000094
0011000063
0011000065
0011000031
0011000050
0011000052
0011000069
0011000003
0011000054
0011000012
0011000015
0011000019
0011000049
0011000090
0011000075
0011000080
0011000088
0011000029
0011000117
0011000093
0011000056
0011000109
0011000091
2011000006
0011000004
2011000001
0011000051
0011000095
0011000086
0011000120
0011000005
0011000068
0011000115
0011000084
0011000006
0011000092
0011000038
0011000007
0011000022
0011000002
0011000028
0011100007
0011100017
0021100926
0011100022
0021100066
0011100018
0011100012
0011100002
0011100011
0011100014
0011100025
0011100013
0011100005
0011100009
2021100217
0011100023
0011100016
2031100001
2021100293
0011100020
0011100024
0011100001
0011100003
0011100021
0011100006
0021100425
0011100026
0011100008
0011100010
0011100015
0011100030
0011100027
0011100019
0011100028
0011100029
0011100004
0021200506
0021200351
0021200519
0041200224
0021201174
2021200363
0021200293
0041200302
0021200527
0011200058
0021201198
0021201059
0021201108
0021200270
0011200011
2021200283
0021200067
2021200025
0011200066
0021201066
0011200043
0011200110
0021200822
0021200813
0021200542
0021201207
2021200111
0021201068
2021200325
2021200364
2021200121
0011200078
0021200269
2021200232
0011200070
0041200205
0021200513
0021200371
0011200001
2021200357
0021201089
0021200450
0011200051
0021201116
0011200082
0041200231
0021200964
0021201027
0041200313
0021201151
2021200177
0021201036
0021200843
0021200459
2021200284
0021200875
0021200123
0011200116
0021201140
0021200140
0021200154
2011200004
0011200059
0011200102
0021201008
0011200089
0021200017
0021201069
2011200005
2021200258
0011200005
0021200222
0011200014
0011200040
0011200090
0011200086
0011200080
0011200056
0011200034
0011200035
0011200081
0011200094
0011200072
0011200036
0011200063
0011200085
0011200083
0011200109
0011200038
0011200019
0011200048
0011200037
0011200079
0011200104
0011200068
0011200023
0011200073
0011200084
0011200098
0011200117
0011200055
2021200250
0021200634
0011200071
0011200105
0021201167
0011200012
0021200979
0021200870
0021200770
0011200095
2011200009
0011200044
0011200031
0021200340
2021200062
0011200054
0011200024
2021200041
0021200528
0021200509
0021201090
2031200001
0021200012
0011200047
0011200002
0021200432
0021200272
0011200061
0011200028
2021200274
2021200169
2021200367
0021201032
0011200003
0021201026
0011200092
0011200076
0011200026
2021200261
0011200013
0021200783
0011200097
0011200115
0021200929
0021200095
0011200088
2021200240
0021200129
2021200263
0021201081
2021200159
0021201038
0021200394
0021200764
0021200442
2021200369
0011200020
0021200650
0021200153
0021200968
0011200106
0011200096
0021200666
0011200062
0011200017
0011200007
0011200006
0011200067
0011200032
0011200108
2011200001
0011200016
0011200009
0011200008
0041200145
0021200451
2021200319
0021200295
0021200621
2021200087
2021200002
0011200033
0011200087
2011200008
0021200131
0021200117
2021200195
0011200018
0021200474
0021200701
0021200607
0011200045
2021200054
0021200165
0011200039
0011200064
0011200091
2011200003
0011200077
0011200046
0011200052
0011200074
0011200099
0011200075
0011200057
0011200053
0011200101
0011200041
0011200069
0011200100
0011200112
2011200010
0011200065
0011200114
2021200036
0021200317
2021200085
0011200025
0011200010
0021201056
0021200079
0011200015
0011200050
0021201010
0021200846
0011200111
0011200042
0011200093
2021200189
0021200780
0021200537
0011200049
0021200564
0011200021
2021200327
0021200482
0021200898
0021200790
0021200801
0021201195
2021200267
2021200351
0021200933
2011200002
0011200060
0021200792
0021200648
0011200027
0011200118
0021200664
0021200688
0011200107
0011200004
2021200259
0041200133
0011200029
0021200967
0011200022
0021200521
0011200030
2021200023
2021300409
0021300183
0021300086
2011300011
0021300953
0021300838
2011300009
0041300404
0021300770
0021300900
2011300005
0021300981
2011300010
0021300184
0021300797
2021300112
2011300004
2021300041
2021300028
2011300002
0021400220
0021400993
0021400108
2021400156
0021400503
2041400121
0021400312
2021400404
0021400505
0021400098
0011400038
0041400312
0011400113
0021400555
2021400407
2021400045
0021400763
0021400330
0021400640
0021400588
0021400379
0021401067
0021400009
0041400223
2021400199
0021400722
2021400142
0021400303
0021400060
2021400206
0011400033
0021400435
0021400516
0021400116
0031400003
2021400123
2021400161
2021400229
0021400902
0021400786
0021400213
0021400600
2021400097
0021400787
0021400074
0021400035
0021401017
0021401054
0021400743
0011400104
0021400740
0021400266
0021400857
0021400732
0011400071
2021400193
2021400383
